1 20960 169165 30000 220125 
2 16800 102765 30000 149565 
3 13840 75485 30000 119325 
4 12880 58085 30000 100965 
5 11280 44955 30000 86235 
6 10800 38955 30000 79755 
7 9920 35515 30000 75435 
8 8720 30595 30000 69315 
9 8640 28515 30000 67155 
10 8080 26555 30000 64635 
11 6800 24955 30000 61755 
12 6400 22835 30000 59235 
13 5440 21995 30000 57435 
14 6000 19995 30000 55995 
15 5280 18555 30000 53835 
16 4640 17755 30000 52395 
17 4320 17355 30000 51675 
18 4000 16595 30000 50595 
19 3840 14955 30000 48795 
20 3680 14395 30000 48075 
21 3680 14035 30000 47715 
22 3280 13715 30000 46995 
23 3000 13425 30000 46425 
24 3280 12635 30000 45915 
25 3440 11395 30000 44835 
26 3040 12515 30000 45555 
27 3280 11555 30000 44835 
28 3040 11075 30000 44115 
29 2800 10955 30000 43755 
30 2560 9755 30000 42315 
31 2800 9515 30000 42315 
32 2480 9475 30000 41955 
33 2720 8875 30000 41595 
34 2000 8725 30000 40725 
35 2320 8555 30000 40875 
36 2000 9235 30000 41235 
37 1880 8425 30000 40305 
38 2080 8795 30000 40875 
39 2000 9085 30000 41085 
40 1840 8315 30000 40155 
41 2160 7845 30000 40005 
42 2240 7765 30000 40005 
43 2080 7355 30000 39435 
44 1680 7605 30000 39285 
45 1600 7325 30000 38925 
46 1840 7595 30000 39435 
47 1840 8315 30000 40155 
48 2000 8155 30000 40155 
49 1600 7475 30000 39075 
50 1680 7035 30000 38715 
51 1680 7395 30000 39075 
52 1440 7635 30000 39075 
53 2000 7075 30000 39075 
54 2080 8075 30000 40155 
55 1600 7835 30000 39435 
56 1840 7595 30000 39435 
57 1440 7275 30000 38715 
58 1600 6755 30000 38355 
59 1360 6995 30000 38355 
60 1600 7115 30000 38715 
61 1760 6595 30000 38355 
62 1360 6995 30000 38355 
63 1280 6715 30000 37995 
64 1360 6275 30000 37635 
65 1360 6275 30000 37635 
66 1680 6675 30000 38355 
67 1520 6475 30000 37995 
68 1440 6555 30000 37995 
69 1360 6275 30000 37635 
70 1680 5955 30000 37635 
71 1040 6595 30000 37635 
72 1200 6795 30000 37995 
73 1680 6315 30000 37995 
74 1200 6435 30000 37635 
75 1760 6595 30000 38355 
76 1440 6195 30000 37635 
77 1120 5795 30000 36915 
78 1360 6275 30000 37635 
79 1520 6115 30000 37635 
80 1680 7035 30000 38715 
81 1440 8355 30000 39795 
82 1440 8355 30000 39795 
83 960 5445 30000 36405 
84 1040 5515 30000 36555 
85 1040 5515 30000 36555 
86 1040 5515 30000 36555 
87 1120 5435 30000 36555 
88 1280 5275 30000 36555 
89 1760 6595 30000 38355 
90 1520 6115 30000 37635 
91 1520 6475 30000 37995 
92 1760 6235 30000 37995 
93 1440 5475 30000 36915 
94 1840 5795 30000 37635 
95 1920 5715 30000 37635 
96 1360 5195 30000 36555 
97 1440 5835 30000 37275 
98 1520 5035 30000 36555 
99 1280 5275 30000 36555 
100 1440 5835 30000 37275 
101 1680 5595 30000 37275 
102 1360 6275 30000 37635 
103 1360 6275 30000 37635 
104 1360 6275 30000 37635 
105 1360 6275 30000 37635 
106 1360 5195 30000 36555 
107 1360 5555 30000 36915 
108 1360 5555 30000 36915 
109 1280 5275 30000 36555 
110 1440 5475 30000 36915 
111 1200 5355 30000 36555 
112 1280 4915 30000 36195 
113 1280 4915 30000 36195 
114 1280 4915 30000 36195 
115 1280 4915 30000 36195 
116 1280 4915 30000 36195 
117 1280 4555 30000 35835 
118 1360 5915 30000 37275 
119 1440 5835 30000 37275 
120 1440 5835 30000 37275 
121 1440 5835 30000 37275 
122 1200 5355 30000 36555 
123 1360 5555 30000 36915 
124 1280 5275 30000 36555 
125 1280 4555 30000 35835 
126 1120 5075 30000 36195 
127 1280 5635 30000 36915 
128 1120 5075 30000 36195 
129 1040 5515 30000 36555 
130 1040 5155 30000 36195 
131 1120 5075 30000 36195 
132 1120 5075 30000 36195 
133 1280 4555 30000 35835 
134 1280 4555 30000 35835 
135 1280 4555 30000 35835 
136 1200 5715 30000 36915 
137 960 5235 30000 36195 
138 960 5235 30000 36195 
139 1280 4555 30000 35835 
140 1280 4555 30000 35835 
141 1280 4555 30000 35835 
142 1280 4555 30000 35835 
143 1280 4555 30000 35835 
144 1040 5155 30000 36195 
145 1040 5155 30000 36195 
146 1200 4995 30000 36195 
147 1200 4995 30000 36195 
148 1200 5355 30000 36555 
149 1280 5275 30000 36555 
150 1440 5115 30000 36555 
151 1440 5115 30000 36555 
152 1200 4995 30000 36195 
153 1200 4995 30000 36195 
154 1200 4995 30000 36195 
155 1280 4915 30000 36195 
156 1280 4915 30000 36195 
157 1280 4915 30000 36195 
158 1280 4915 30000 36195 
159 1280 4915 30000 36195 
160 1280 4915 30000 36195 
161 1360 4475 30000 35835 
162 1280 4555 30000 35835 
163 960 4875 30000 35835 
164 1120 4715 30000 35835 
165 1040 4795 30000 35835 
166 1040 4795 30000 35835 
167 1040 4795 30000 35835 
168 1040 4795 30000 35835 
169 1040 4795 30000 35835 
170 800 4675 30000 35475 
171 960 5235 30000 36195 
172 960 4515 30000 35475 
173 1200 4275 30000 35475 
174 1200 4275 30000 35475 
175 1200 4275 30000 35475 
176 1200 4275 30000 35475 
177 800 4675 30000 35475 
178 880 4955 30000 35835 
179 880 4955 30000 35835 
180 880 4595 30000 35475 
181 1120 4355 30000 35475 
182 1120 4355 30000 35475 
183 1120 4355 30000 35475 
184 800 4675 30000 35475 
185 800 4675 30000 35475 
186 800 4675 30000 35475 
187 1040 4435 30000 35475 
188 1040 4435 30000 35475 
189 1040 4435 30000 35475 
190 1040 4435 30000 35475 
191 880 5675 30000 36555 
192 1120 5075 30000 36195 
193 880 5315 30000 36195 
194 880 4955 30000 35835 
195 880 4955 30000 35835 
196 880 4955 30000 35835 
197 880 4955 30000 35835 
198 880 4955 30000 35835 
199 1120 4715 30000 35835 
200 960 4515 30000 35475 
201 960 4515 30000 35475 
202 880 4595 30000 35475 
203 880 4595 30000 35475 
204 880 4595 30000 35475 
205 1120 4355 30000 35475 
206 1280 4195 30000 35475 
207 1280 4195 30000 35475 
208 1200 4275 30000 35475 
209 1200 4275 30000 35475 
210 1200 4275 30000 35475 
211 1200 4275 30000 35475 
212 1200 4275 30000 35475 
213 1200 4275 30000 35475 
214 1360 4115 30000 35475 
215 1280 4195 30000 35475 
216 1360 4115 30000 35475 
217 1360 4115 30000 35475 
218 1360 4115 30000 35475 
219 1360 4115 30000 35475 
220 1360 4115 30000 35475 
221 1360 4115 30000 35475 
222 1360 4115 30000 35475 
223 1360 4115 30000 35475 
224 1360 4115 30000 35475 
225 1360 4115 30000 35475 
226 1360 4115 30000 35475 
227 1360 4115 30000 35475 
228 1360 4115 30000 35475 
229 1360 4115 30000 35475 
230 1360 4115 30000 35475 
231 1360 4115 30000 35475 
232 1360 4115 30000 35475 
233 1360 4115 30000 35475 
234 1360 4115 30000 35475 
235 1360 4115 30000 35475 
236 1360 4115 30000 35475 
237 1520 3955 30000 35475 
238 1520 3955 30000 35475 
239 1440 4035 30000 35475 
240 1440 4035 30000 35475 
241 1440 4035 30000 35475 
242 1440 4035 30000 35475 
243 1440 4035 30000 35475 
244 1440 4035 30000 35475 
245 1440 4035 30000 35475 
246 1360 4115 30000 35475 
247 1360 4115 30000 35475 
248 1360 4115 30000 35475 
249 1360 4115 30000 35475 
250 1360 4115 30000 35475 
251 1360 4115 30000 35475 
252 1440 4035 30000 35475 
253 1440 4035 30000 35475 
254 1520 3955 30000 35475 
255 1520 3955 30000 35475 
256 1520 3955 30000 35475 
257 1520 3955 30000 35475 
258 1520 3955 30000 35475 
259 1520 3955 30000 35475 
260 1440 4035 30000 35475 
261 1440 4035 30000 35475 
262 1440 4035 30000 35475 
263 1280 4195 30000 35475 
264 1280 4195 30000 35475 
265 1280 4195 30000 35475 
266 1200 4275 30000 35475 
267 1280 4195 30000 35475 
268 1280 4195 30000 35475 
269 1280 4195 30000 35475 
270 1280 4195 30000 35475 
271 1280 4195 30000 35475 
272 1280 4195 30000 35475 
273 1280 4195 30000 35475 
274 1280 4195 30000 35475 
275 1280 4195 30000 35475 
276 1280 4195 30000 35475 
277 1280 4195 30000 35475 
278 1280 4195 30000 35475 
279 1280 4195 30000 35475 
280 1280 4195 30000 35475 
281 1280 4195 30000 35475 
282 1280 4195 30000 35475 
283 1280 4195 30000 35475 
284 1280 4195 30000 35475 
285 1280 4195 30000 35475 
286 1280 4195 30000 35475 
287 1280 4195 30000 35475 
288 1280 4195 30000 35475 
289 1280 4195 30000 35475 
290 1280 4195 30000 35475 
291 1280 4195 30000 35475 
292 1280 4195 30000 35475 
293 1200 4275 30000 35475 
294 1200 4275 30000 35475 
295 1120 4355 30000 35475 
296 1120 4355 30000 35475 
297 1120 4355 30000 35475 
298 1120 4355 30000 35475 
299 1120 4355 30000 35475 
300 1120 4355 30000 35475 
301 1200 4275 30000 35475 
302 1200 4275 30000 35475 
303 1200 4275 30000 35475 
304 1520 3955 30000 35475 
305 1360 4115 30000 35475 
306 1360 4115 30000 35475 
307 1360 4115 30000 35475 
308 1360 4115 30000 35475 
309 1360 4115 30000 35475 
310 1600 3875 30000 35475 
311 1600 3875 30000 35475 
312 1600 3875 30000 35475 
313 1600 3875 30000 35475 
314 1600 3875 30000 35475 
315 1600 3875 30000 35475 
316 1600 3875 30000 35475 
317 1600 3875 30000 35475 
318 1600 3875 30000 35475 
319 1600 3875 30000 35475 
320 1440 4035 30000 35475 
321 1440 4035 30000 35475 
322 1680 3795 30000 35475 
323 1680 3795 30000 35475 
324 1680 3795 30000 35475 
325 1680 3795 30000 35475 
326 1680 3795 30000 35475 
327 1600 3875 30000 35475 
328 1600 3875 30000 35475 
329 1600 3875 30000 35475 
330 1600 3875 30000 35475 
331 1600 3875 30000 35475 
332 1760 3715 30000 35475 
333 1760 3715 30000 35475 
334 1760 3715 30000 35475 
335 1440 4035 30000 35475 
336 1440 4035 30000 35475 
337 1440 4035 30000 35475 
338 1440 4035 30000 35475 
339 1440 4035 30000 35475 
340 1440 4035 30000 35475 
341 1440 4035 30000 35475 
342 1440 4035 30000 35475 
343 1440 4035 30000 35475 
344 1600 3875 30000 35475 
345 1600 3875 30000 35475 
346 1600 3875 30000 35475 
347 1600 3875 30000 35475 
348 1600 3875 30000 35475 
349 1600 3875 30000 35475 
350 1600 3875 30000 35475 
351 1600 3875 30000 35475 
352 1760 3715 30000 35475 
353 1760 3715 30000 35475 
354 1760 3715 30000 35475 
355 1760 3715 30000 35475 
356 1760 3715 30000 35475 
357 1760 3715 30000 35475 
358 1760 3715 30000 35475 
359 1760 3715 30000 35475 
360 1760 3715 30000 35475 
361 1760 3715 30000 35475 
362 1760 3715 30000 35475 
363 1760 3715 30000 35475 
364 1760 3715 30000 35475 
365 1760 3715 30000 35475 
366 1760 3715 30000 35475 
367 1760 3715 30000 35475 
368 1760 3715 30000 35475 
369 1760 3715 30000 35475 
370 1760 3715 30000 35475 
371 1760 3715 30000 35475 
372 1760 3715 30000 35475 
373 1760 3715 30000 35475 
374 1760 3715 30000 35475 
375 1760 3715 30000 35475 
376 1760 3715 30000 35475 
377 1760 3715 30000 35475 
378 1760 3715 30000 35475 
379 1760 3715 30000 35475 
380 1760 3715 30000 35475 
381 1760 3715 30000 35475 
382 1760 3715 30000 35475 
383 1760 3715 30000 35475 
384 1760 3715 30000 35475 
385 1760 3715 30000 35475 
386 1760 3715 30000 35475 
387 1760 3715 30000 35475 
388 1760 3715 30000 35475 
389 1760 3715 30000 35475 
390 1440 4035 30000 35475 
391 1440 4035 30000 35475 
392 1440 4035 30000 35475 
393 1680 3795 30000 35475 
394 1680 3795 30000 35475 
395 1680 3795 30000 35475 
396 1680 3795 30000 35475 
397 1680 3795 30000 35475 
398 1600 3875 30000 35475 
399 1600 3875 30000 35475 
400 1600 3875 30000 35475 
401 1600 3875 30000 35475 
402 1760 3715 30000 35475 
403 1760 3715 30000 35475 
404 1760 3715 30000 35475 
405 1760 3715 30000 35475 
406 1760 3715 30000 35475 
407 1760 3715 30000 35475 
408 1760 3715 30000 35475 
409 1760 3715 30000 35475 
410 1520 3955 30000 35475 
411 1440 4035 30000 35475 
412 1440 4035 30000 35475 
413 1440 4035 30000 35475 
414 1440 4035 30000 35475 
415 1440 4035 30000 35475 
416 1440 4035 30000 35475 
417 1440 4035 30000 35475 
418 1440 4035 30000 35475 
419 1440 4035 30000 35475 
420 1280 4195 30000 35475 
421 1280 4195 30000 35475 
422 1280 4195 30000 35475 
423 1280 4195 30000 35475 
424 1280 4195 30000 35475 
425 1280 4195 30000 35475 
426 1280 4195 30000 35475 
427 1280 4195 30000 35475 
428 1280 4195 30000 35475 
429 1280 4195 30000 35475 
430 1280 4195 30000 35475 
431 1520 3955 30000 35475 
432 1520 3955 30000 35475 
433 1440 4035 30000 35475 
434 1440 4035 30000 35475 
435 1440 4035 30000 35475 
436 1200 4275 30000 35475 
437 1200 4275 30000 35475 
438 1200 4275 30000 35475 
439 1200 4275 30000 35475 
440 1200 4275 30000 35475 
441 1200 4275 30000 35475 
442 1120 4355 30000 35475 
443 1120 4355 30000 35475 
444 1120 4355 30000 35475 
445 1120 4355 30000 35475 
446 1120 4355 30000 35475 
447 1120 4355 30000 35475 
448 1120 4355 30000 35475 
449 1120 4355 30000 35475 
450 1360 4115 30000 35475 
451 1280 4195 30000 35475 
452 1280 4195 30000 35475 
453 1280 4195 30000 35475 
454 1120 4355 30000 35475 
455 1120 4355 30000 35475 
456 1120 4355 30000 35475 
457 1120 4355 30000 35475 
458 1120 4355 30000 35475 
459 1120 4355 30000 35475 
460 1120 4355 30000 35475 
461 1120 4355 30000 35475 
462 1120 4355 30000 35475 
463 1120 4355 30000 35475 
464 1120 4355 30000 35475 
465 1120 4355 30000 35475 
466 1120 4355 30000 35475 
467 1120 4355 30000 35475 
468 1120 4355 30000 35475 
469 1120 4355 30000 35475 
470 1120 4355 30000 35475 
471 1120 4355 30000 35475 
472 1120 4355 30000 35475 
473 1120 4355 30000 35475 
474 1120 4355 30000 35475 
475 1120 4355 30000 35475 
476 1120 4355 30000 35475 
477 1120 4355 30000 35475 
478 1120 4355 30000 35475 
479 1120 4355 30000 35475 
480 1120 4355 30000 35475 
481 1120 4355 30000 35475 
482 1280 4195 30000 35475 
483 1280 4195 30000 35475 
484 1280 4195 30000 35475 
485 1120 4355 30000 35475 
486 960 4515 30000 35475 
487 960 4515 30000 35475 
488 960 4515 30000 35475 
489 960 4515 30000 35475 
490 960 4515 30000 35475 
491 1280 4195 30000 35475 
492 1280 4195 30000 35475 
493 1280 4195 30000 35475 
494 1120 4355 30000 35475 
495 1120 4355 30000 35475 
496 1120 4355 30000 35475 
497 1120 4355 30000 35475 
498 1120 4355 30000 35475 
499 1280 4195 30000 35475 
500 1280 4195 30000 35475 
501 1280 4195 30000 35475 
502 1280 4195 30000 35475 
503 1280 4195 30000 35475 
504 1280 4195 30000 35475 
505 1280 4195 30000 35475 
506 1040 4435 30000 35475 
507 1200 4275 30000 35475 
508 1200 4275 30000 35475 
509 1200 4275 30000 35475 
510 1200 4275 30000 35475 
511 1200 4275 30000 35475 
512 1200 4275 30000 35475 
513 1200 4275 30000 35475 
514 1200 4275 30000 35475 
515 1440 4035 30000 35475 
516 1440 4035 30000 35475 
517 1440 4035 30000 35475 
518 1440 4035 30000 35475 
519 1440 4035 30000 35475 
520 1440 4035 30000 35475 
521 1440 4035 30000 35475 
522 1440 4035 30000 35475 
523 1440 4035 30000 35475 
524 1440 4035 30000 35475 
525 1440 4035 30000 35475 
526 1440 4035 30000 35475 
527 1440 4035 30000 35475 
528 1440 4035 30000 35475 
529 1440 4035 30000 35475 
530 1200 4275 30000 35475 
531 1200 4275 30000 35475 
532 1200 4275 30000 35475 
533 1200 4275 30000 35475 
534 1200 4275 30000 35475 
535 1200 4275 30000 35475 
536 1200 4275 30000 35475 
537 1200 4275 30000 35475 
538 1200 4275 30000 35475 
539 1200 4275 30000 35475 
540 1200 4275 30000 35475 
541 1200 4275 30000 35475 
542 1200 4275 30000 35475 
543 1200 4275 30000 35475 
544 1200 4275 30000 35475 
545 1200 4275 30000 35475 
546 1200 4275 30000 35475 
547 1200 4275 30000 35475 
548 1360 4115 30000 35475 
549 1360 4115 30000 35475 
550 1360 4115 30000 35475 
551 1360 4115 30000 35475 
552 1360 4115 30000 35475 
553 1360 4115 30000 35475 
554 1360 4115 30000 35475 
555 1360 4115 30000 35475 
556 1360 4115 30000 35475 
557 1360 4115 30000 35475 
558 1520 3955 30000 35475 
559 1520 3955 30000 35475 
560 1520 3955 30000 35475 
561 1520 3955 30000 35475 
562 1520 3955 30000 35475 
563 1520 3955 30000 35475 
564 1520 3955 30000 35475 
565 1520 3955 30000 35475 
566 1520 3955 30000 35475 
567 1520 3955 30000 35475 
568 1520 3955 30000 35475 
569 1520 3955 30000 35475 
570 1520 3955 30000 35475 
571 1520 3955 30000 35475 
572 1520 3955 30000 35475 
573 1520 3955 30000 35475 
574 1520 3955 30000 35475 
575 1520 3955 30000 35475 
576 1520 3955 30000 35475 
577 1520 3955 30000 35475 
578 1520 3955 30000 35475 
579 1520 3955 30000 35475 
580 1520 3955 30000 35475 
581 1520 3955 30000 35475 
582 1520 3955 30000 35475 
583 1520 3955 30000 35475 
584 1520 3955 30000 35475 
585 1520 3955 30000 35475 
586 1520 3955 30000 35475 
587 1520 3955 30000 35475 
588 1520 3955 30000 35475 
589 1520 3955 30000 35475 
590 1520 3955 30000 35475 
591 1520 3955 30000 35475 
592 1520 3955 30000 35475 
593 1520 3955 30000 35475 
594 1520 3955 30000 35475 
595 1520 3955 30000 35475 
596 1520 3955 30000 35475 
597 1520 3955 30000 35475 
598 1520 3955 30000 35475 
599 1520 3955 30000 35475 
600 1520 3955 30000 35475 
601 1520 3955 30000 35475 
602 1520 3955 30000 35475 
603 1520 3955 30000 35475 
604 1520 3955 30000 35475 
605 1520 3955 30000 35475 
606 1520 3955 30000 35475 
607 1520 3955 30000 35475 
608 1520 3955 30000 35475 
609 1520 3955 30000 35475 
610 1520 3955 30000 35475 
611 1520 3955 30000 35475 
612 1520 3955 30000 35475 
613 1520 3955 30000 35475 
614 1520 3955 30000 35475 
615 1520 3955 30000 35475 
616 1520 3955 30000 35475 
617 1520 3955 30000 35475 
618 1520 3955 30000 35475 
619 1520 3955 30000 35475 
620 1520 3955 30000 35475 
621 1520 3955 30000 35475 
622 1520 3955 30000 35475 
623 1520 3955 30000 35475 
624 1520 3955 30000 35475 
625 1520 3955 30000 35475 
626 1520 3955 30000 35475 
627 1520 3955 30000 35475 
628 1520 3955 30000 35475 
629 1520 3955 30000 35475 
630 1520 3955 30000 35475 
631 1520 3955 30000 35475 
632 1520 3955 30000 35475 
633 1520 3955 30000 35475 
634 1520 3955 30000 35475 
635 1520 3955 30000 35475 
636 1520 3955 30000 35475 
637 1520 3955 30000 35475 
638 1520 3955 30000 35475 
639 1520 3955 30000 35475 
640 1520 3955 30000 35475 
641 1520 3955 30000 35475 
642 1520 3955 30000 35475 
643 1520 3955 30000 35475 
644 1520 3955 30000 35475 
645 1520 3955 30000 35475 
646 1520 3955 30000 35475 
647 1520 3955 30000 35475 
648 1520 3955 30000 35475 
649 1520 3955 30000 35475 
650 1520 3955 30000 35475 
651 1520 3955 30000 35475 
652 1520 3955 30000 35475 
653 1520 3955 30000 35475 
654 1520 3955 30000 35475 
655 1520 3955 30000 35475 
656 1520 3955 30000 35475 
657 1520 3955 30000 35475 
658 1520 3955 30000 35475 
659 1520 3955 30000 35475 
660 1520 3955 30000 35475 
661 1520 3955 30000 35475 
662 1520 3955 30000 35475 
663 1520 3955 30000 35475 
664 1520 3955 30000 35475 
665 1520 3955 30000 35475 
666 1520 3955 30000 35475 
667 1520 3955 30000 35475 
668 1520 3955 30000 35475 
669 1520 3955 30000 35475 
670 1520 3955 30000 35475 
671 1520 3955 30000 35475 
672 1520 3955 30000 35475 
673 1520 3955 30000 35475 
674 1520 3955 30000 35475 
675 1520 3955 30000 35475 
676 1520 3955 30000 35475 
677 1520 3955 30000 35475 
678 1520 3955 30000 35475 
679 1520 3955 30000 35475 
680 1520 3955 30000 35475 
681 1520 3955 30000 35475 
682 1520 3955 30000 35475 
683 1520 3955 30000 35475 
684 1520 3955 30000 35475 
685 1520 3955 30000 35475 
686 1520 3955 30000 35475 
687 1520 3955 30000 35475 
688 1520 3955 30000 35475 
689 1520 3955 30000 35475 
690 1520 3955 30000 35475 
691 1520 3955 30000 35475 
692 1520 3955 30000 35475 
693 1520 3955 30000 35475 
694 1520 3955 30000 35475 
695 1520 3955 30000 35475 
696 1520 3955 30000 35475 
697 1520 3955 30000 35475 
698 1520 3955 30000 35475 
699 1520 3955 30000 35475 
700 1520 3955 30000 35475 
701 1520 3955 30000 35475 
702 1520 3955 30000 35475 
703 1520 3955 30000 35475 
704 1520 3955 30000 35475 
705 1520 3955 30000 35475 
706 1520 3955 30000 35475 
707 1520 3955 30000 35475 
708 1520 3955 30000 35475 
709 1520 3955 30000 35475 
710 1520 3955 30000 35475 
711 1520 3955 30000 35475 
712 1520 3955 30000 35475 
713 1520 3955 30000 35475 
714 1520 3955 30000 35475 
715 1520 3955 30000 35475 
716 1520 3955 30000 35475 
717 1520 3955 30000 35475 
718 1520 3955 30000 35475 
719 1520 3955 30000 35475 
720 1520 3955 30000 35475 
721 1520 3955 30000 35475 
722 1520 3955 30000 35475 
723 1520 3955 30000 35475 
724 1520 3955 30000 35475 
725 1520 3955 30000 35475 
726 1520 3955 30000 35475 
727 1520 3955 30000 35475 
728 1520 3955 30000 35475 
729 1520 3955 30000 35475 
730 1520 3955 30000 35475 
731 1520 3955 30000 35475 
732 1520 3955 30000 35475 
733 1520 3955 30000 35475 
734 1520 3955 30000 35475 
735 1520 3955 30000 35475 
736 1520 3955 30000 35475 
737 1520 3955 30000 35475 
738 1520 3955 30000 35475 
739 1520 3955 30000 35475 
740 1520 3955 30000 35475 
741 1520 3955 30000 35475 
742 1520 3955 30000 35475 
743 1520 3955 30000 35475 
744 1520 3955 30000 35475 
745 1520 3955 30000 35475 
746 1520 3955 30000 35475 
747 1520 3955 30000 35475 
748 1520 3955 30000 35475 
749 1520 3955 30000 35475 
750 1520 3955 30000 35475 
751 1520 3955 30000 35475 
752 1520 3955 30000 35475 
753 1520 3955 30000 35475 
754 1520 3955 30000 35475 
755 1520 3955 30000 35475 
756 1520 3955 30000 35475 
757 1520 3955 30000 35475 
758 1520 3955 30000 35475 
759 1520 3955 30000 35475 
760 1520 3955 30000 35475 
761 1520 3955 30000 35475 
762 1520 3955 30000 35475 
763 1520 3955 30000 35475 
764 1520 3955 30000 35475 
765 1520 3955 30000 35475 
766 1520 3955 30000 35475 
767 1520 3955 30000 35475 
768 1520 3955 30000 35475 
769 1520 3955 30000 35475 
770 1520 3955 30000 35475 
771 1520 3955 30000 35475 
772 1520 3955 30000 35475 
773 1520 3955 30000 35475 
774 1520 3955 30000 35475 
775 1520 3955 30000 35475 
776 1520 3955 30000 35475 
777 1520 3955 30000 35475 
778 1520 3955 30000 35475 
779 1520 3955 30000 35475 
780 1520 3955 30000 35475 
781 1520 3955 30000 35475 
782 1520 3955 30000 35475 
783 1520 3955 30000 35475 
784 1520 3955 30000 35475 
785 1520 3955 30000 35475 
786 1520 3955 30000 35475 
787 1520 3955 30000 35475 
788 1520 3955 30000 35475 
789 1520 3955 30000 35475 
790 1520 3955 30000 35475 
791 1520 3955 30000 35475 
792 1520 3955 30000 35475 
793 1520 3955 30000 35475 
794 1520 3955 30000 35475 
795 1520 3955 30000 35475 
796 1520 3955 30000 35475 
797 1520 3955 30000 35475 
798 1520 3955 30000 35475 
799 1520 3955 30000 35475 
800 1520 3955 30000 35475 
801 1520 3955 30000 35475 
802 1520 3955 30000 35475 
803 1520 3955 30000 35475 
804 1520 3955 30000 35475 
805 1520 3955 30000 35475 
806 1520 3955 30000 35475 
807 1520 3955 30000 35475 
808 1520 3955 30000 35475 
809 1520 3955 30000 35475 
810 1520 3955 30000 35475 
811 1520 3955 30000 35475 
812 1520 3955 30000 35475 
813 1520 3955 30000 35475 
814 1520 3955 30000 35475 
815 1520 3955 30000 35475 
816 1520 3955 30000 35475 
817 1520 3955 30000 35475 
818 1520 3955 30000 35475 
819 1520 3955 30000 35475 
820 1520 3955 30000 35475 
821 1520 3955 30000 35475 
822 1520 3955 30000 35475 
823 1520 3955 30000 35475 
824 1520 3955 30000 35475 
825 1520 3955 30000 35475 
826 1520 3955 30000 35475 
827 1520 3955 30000 35475 
828 1520 3955 30000 35475 
829 1520 3955 30000 35475 
830 1520 3955 30000 35475 
831 1520 3955 30000 35475 
832 1520 3955 30000 35475 
833 1520 3955 30000 35475 
834 1520 3955 30000 35475 
835 1520 3955 30000 35475 
836 1520 3955 30000 35475 
837 1520 3955 30000 35475 
838 1520 3955 30000 35475 
839 1520 3955 30000 35475 
840 1520 3955 30000 35475 
841 1520 3955 30000 35475 
842 1520 3955 30000 35475 
843 1520 3955 30000 35475 
844 1520 3955 30000 35475 
845 1520 3955 30000 35475 
846 1520 3955 30000 35475 
847 1520 3955 30000 35475 
848 1520 3955 30000 35475 
849 1520 3955 30000 35475 
850 1520 3955 30000 35475 
851 1520 3955 30000 35475 
852 1520 3955 30000 35475 
853 1520 3955 30000 35475 
854 1520 3955 30000 35475 
855 1520 3955 30000 35475 
856 1520 3955 30000 35475 
857 1520 3955 30000 35475 
858 1520 3955 30000 35475 
859 1520 3955 30000 35475 
860 1520 3955 30000 35475 
861 1520 3955 30000 35475 
862 1520 3955 30000 35475 
863 1520 3955 30000 35475 
864 1520 3955 30000 35475 
865 1520 3955 30000 35475 
866 1520 3955 30000 35475 
867 1520 3955 30000 35475 
868 1520 3955 30000 35475 
869 1520 3955 30000 35475 
870 1520 3955 30000 35475 
871 1520 3955 30000 35475 
872 1520 3955 30000 35475 
873 1520 3955 30000 35475 
874 1520 3955 30000 35475 
875 1520 3955 30000 35475 
876 1520 3955 30000 35475 
877 1520 3955 30000 35475 
878 1520 3955 30000 35475 
879 1520 3955 30000 35475 
880 1520 3955 30000 35475 
881 1520 3955 30000 35475 
882 1520 3955 30000 35475 
883 1520 3955 30000 35475 
884 1520 3955 30000 35475 
885 1520 3955 30000 35475 
886 1520 3955 30000 35475 
887 1520 3955 30000 35475 
888 1520 3955 30000 35475 
889 1520 3955 30000 35475 
890 1520 3955 30000 35475 
891 1520 3955 30000 35475 
892 1520 3955 30000 35475 
893 1520 3955 30000 35475 
894 1520 3955 30000 35475 
895 1520 3955 30000 35475 
896 1520 3955 30000 35475 
897 1520 3955 30000 35475 
898 1520 3955 30000 35475 
899 1520 3955 30000 35475 
900 1520 3955 30000 35475 
901 1520 3955 30000 35475 
902 1520 3955 30000 35475 
903 1520 3955 30000 35475 
904 1520 3955 30000 35475 
905 1520 3955 30000 35475 
906 1520 3955 30000 35475 
907 1520 3955 30000 35475 
908 1520 3955 30000 35475 
909 1520 3955 30000 35475 
910 1520 3955 30000 35475 
911 1520 3955 30000 35475 
912 1520 3955 30000 35475 
913 1520 3955 30000 35475 
914 1520 3955 30000 35475 
915 1520 3955 30000 35475 
916 1520 3955 30000 35475 
917 1520 3955 30000 35475 
918 1520 3955 30000 35475 
919 1520 3955 30000 35475 
920 1520 3955 30000 35475 
921 1520 3955 30000 35475 
922 1520 3955 30000 35475 
923 1520 3955 30000 35475 
924 1520 3955 30000 35475 
925 1520 3955 30000 35475 
926 1520 3955 30000 35475 
927 1520 3955 30000 35475 
928 1520 3955 30000 35475 
929 1520 3955 30000 35475 
930 1520 3955 30000 35475 
931 1520 3955 30000 35475 
932 1520 3955 30000 35475 
933 1520 3955 30000 35475 
934 1520 3955 30000 35475 
935 1520 3955 30000 35475 
936 1520 3955 30000 35475 
937 1520 3955 30000 35475 
938 1520 3955 30000 35475 
939 1520 3955 30000 35475 
940 1520 3955 30000 35475 
941 1520 3955 30000 35475 
942 1520 3955 30000 35475 
943 1520 3955 30000 35475 
944 1520 3955 30000 35475 
945 1520 3955 30000 35475 
946 1520 3955 30000 35475 
947 1520 3955 30000 35475 
948 1520 3955 30000 35475 
949 1520 3955 30000 35475 
950 1520 3955 30000 35475 
951 1520 3955 30000 35475 
952 1520 3955 30000 35475 
953 1520 3955 30000 35475 
954 1520 3955 30000 35475 
955 1520 3955 30000 35475 
956 1520 3955 30000 35475 
957 1520 3955 30000 35475 
958 1520 3955 30000 35475 
959 1520 3955 30000 35475 
960 1520 3955 30000 35475 
961 1520 3955 30000 35475 
962 1520 3955 30000 35475 
963 1520 3955 30000 35475 
964 1520 3955 30000 35475 
965 1520 3955 30000 35475 
966 1520 3955 30000 35475 
967 1520 3955 30000 35475 
968 1520 3955 30000 35475 
969 1520 3955 30000 35475 
970 1520 3955 30000 35475 
971 1520 3955 30000 35475 
972 1520 3955 30000 35475 
973 1520 3955 30000 35475 
974 1520 3955 30000 35475 
975 1520 3955 30000 35475 
976 1520 3955 30000 35475 
977 1520 3955 30000 35475 
978 1520 3955 30000 35475 
979 1520 3955 30000 35475 
980 1520 3955 30000 35475 
981 1520 3955 30000 35475 
982 1520 3955 30000 35475 
983 1520 3955 30000 35475 
984 1520 3955 30000 35475 
985 1520 3955 30000 35475 
986 1520 3955 30000 35475 
987 1520 3955 30000 35475 
988 1520 3955 30000 35475 
989 1520 3955 30000 35475 
990 1520 3955 30000 35475 
991 1520 3955 30000 35475 
992 1520 3955 30000 35475 
993 1520 3955 30000 35475 
994 1520 3955 30000 35475 
995 1520 3955 30000 35475 
996 1520 3955 30000 35475 
997 1520 3955 30000 35475 
998 1520 3955 30000 35475 
999 1520 3955 30000 35475 
1000 1520 3955 30000 35475 
